1	H	Hydrogen	1	1	1.008	14.01	20.28	14.304	2.2
2	He	Helium		18	1	4.002	—	4.22	5.193	–	
3	Li	Lithium		1	2	6.94	453.69	1560	3.582	0.98
4	Be	Beryllium	2	2	9.012	1560	2742	1.825	1.57
5	B	Boron		13	2	10.81	2349	4200	1.026	2.04
6	C	Carbon		14	2	12.01	3800	4300	0.709	2.55
7	N	Nitrogen	15	2	14.007	63.15	77.36	1.04	3.04
8	O	Oxygen		16	2	15.99	54.36	90.2	0.918	3.44
9	F	Fluorine	17	2	18.99	53.53	85.03	0.824	3.98
10	Ne	Neon		18	2	20.17	24.56	27.07	1.03	–
11	Na	Sodium		1	3	22.98	370.87	1156	1.228	0.93
12	Mg	Magnesium	2	3	24.3	923	1363	1.023	1.31
13	Al	Aluminium	13	3	26.98	933.47	2792	0.897	1.61
14	Si	Silicon		14	3	28.08	1687	3538	0.705	1.9
15	P	Phosphorus	15	3	30.97	317.3	550	0.769	2.19
16	S	Sulfur		16	3	32.06	388.36	717.87	0.71	2.58
17	Cl	Chlorine	17	3	35.45	171.6	239.11	0.479	3.16
18	Ar	Argon		18	3	39.94	83.8	87.3	0.52	–
19	K	Potassium	1	4	39.09	336.53	1032	0.757	0.82
20	Ca	Calcium		2	4	40.07	1115	1757	0.647	1
21	Sc	Scandium	3	4	44.95	1814	3109	0.568	1.36
22	Ti	Titanium	4	4	47.86	1941	3560	0.523	1.54
23	V	Vanadium	5	4	50.94	2183	3680	0.489	1.63
24	Cr	Chromium	6	4	51.99	2180	2944	0.449	1.66
25	Mn	Manganese	7	4	54.93	1519	2334	0.479	1.55
26	Fe	Iron		8	4	55.84	1811	3134	0.449	1.83
27	Co	Cobalt		9	4	58.93	1768	3200	0.421	1.88
28	Ni	Nickel		10	4	58.69	1728	3186	0.444	1.91
29	Cu	Copper		11	4	63.54	1357.77	2835	0.385	1.9
30	Zn	Zinc		12	4	65.38	692.88	1180	0.388	1.65
31	Ga	Gallium		13	4	69.72	302.9146	2673	0.371	1.81
32	Ge	Germanium	14	4	72.63	1211.4	3106	0.32	2.01
33	As	Arsenic		15	4	74.92	1090 	887	0.329	2.18
34	Se	Selenium	16	4	78.97	453	958	0.321	2.55
35	Br	Bromine		17	4	79.9	265.8	332	0.474	2.96
36	Kr	Krypton		18	4	83.79	115.79	119.93	0.248	3
37	Rb	Rubidium	1	5	85.46	312.46	961	0.363	0.82
38	Sr	Strontium	2	5	87.62	1050	1655	0.301	0.95
39	Y	Yttrium		3	5	88.9	1799	3609	0.298	1.22
40	Zr	Zirconium	4	5	91.22	2128	4682	0.278	1.33
41	Nb	Niobium		5	5	92.9	2750	5017	0.265	1.6
42	Mo	Molybdenum	6	5	95.95	2896	4912	0.251	2.16
43	Tc	Technetium	7	5	[98]	2430	4538	–	1.9
44	Ru	Ruthenium	8	5	101	2607	4423	0.238	2.2
45	Rh	Rhodium		9	5	102.9	2237	3968	0.243	2.28
46	Pd	Palladium	10	5	106.4	1828.05	3236	0.244	2.2
47	Ag	Silver		11	5	107.8	1234.93	2435	0.235	1.93
48	Cd	Cadmium		12	5	112.4	594.22	1040	0.232	1.69
49	In	Indium		13	5	114.8	429.75	2345	0.233	1.78
50	Sn	Tin			14	5	118.7	505.08	2875	0.228	1.96
51	Sb	Antimony	15	5	121.7	903.78	1860	0.207	2.05
52	Te	Tellurium	16	5	127.6	722.66	1261	0.202	2.1
53	I	Iodine		17	5	126.9	386.85	457.4	0.214	2.66
54	Xe	Xenon		18	5	131.2	161.4	165.03	0.158	2.6
55	Cs	Caesium		1	6	132.9	301.59	944	0.242	0.79
56	Ba	Barium		2	6	137.3	1000	2170	0.204	0.89
57	La	Lanthanum	3	6	138.9	1193	3737	0.195	1.1
58	Ce	Cerium		–	6	140.1	1068	3716	0.192	1.12
59	Pr	Praseodymium	–	6	140.9	1208	3793	0.193	1.13
60	Nd	Neodymium	–	6	144.2	1297	3347	0.19	1.14
61	Pm	Promethium	–	6	[145]	1315	3273	–	1.13
62	Sm	Samarium	–	6	150.3	1345	2067	0.197	1.17
63	Eu	Europium	–	6	151.9	1099	1802	0.182	1.2
64	Gd	Gadolinium	–	6	157.2	1585	3546	0.236	1.2
65	Tb	Terbium		–	6	158.9	1629	3503	0.182	1.2
66	Dy	Dysprosium	–	6	162.5	1680	2840	0.17	1.22
67	Ho	Holmium		–	6	164.9	1734	2993	0.165	1.23
68	Er	Erbium		–	6	167.2	1802	3141	0.168	1.24
69	Tm	Thulium		–	6	168.9	1818	2223	0.16	1.25
70	Yb	Ytterbium	–	6	173	1097	1469	0.155	1.1
71	Lu	Lutetium	–	6	174.9	1925	3675	0.154	1.27
72	Hf	Hafnium		4	6	178.4	2506	4876	0.144	1.3
73	Ta	Tantalum	5	6	180.9	3290	5731	0.14	1.5
74	W	Tungsten	6	6	183.8	3695	5828	0.132	2.36
75	Re	Rhenium		7	6	186.2	3459	5869	0.137	1.9
76	Os	Osmium		8	6	190.2	3306	5285	0.13	2.2
77	Ir	Iridium		9	6	192.2	2719	4701	0.131	2.2
78	Pt	Platinum	10	6	195.1	2041.4	4098	0.133	2.28
79	Au	Gold		11	6	196.9	1337.33	3129	0.129	2.54
80	Hg	Mercury		12	6	200.5	234.43	629.88	0.14	2
81	Tl	Thallium	13	6	204.3	577	1746	0.129	1.62
82	Pb	Lead		14	6	207.2	600.61	2022	0.129	1.87
83	Bi	Bismuth		15	6	208.9	544.7	1837	0.122	2.02
84	Po	Polonium	16	6	[209]	527	1235	–	2
85	At	Astatine	17	6	[210]	–	500	–	2.2
86	Rn	Radon		18	6	[222]	202	211.3	0.094	2.2
87	Fr	Francium	1	7	[223]	281	890	–	0.7
88	Ra	Radium		2	7	[226]	973	2010	0.094	0.9
89	Ac	Actinium	3	7	[227]	1323	3471	0.12	1.1
90	Th	Thorium		–	7	232	2115	5061	0.113	1.3
91	Pa	Protactinium	–	7	231	1841	4300	–	1.5
92	U	Uranium		–	7	238	1405.3	4404	0.116	1.38
93	Np	Neptunium	–	7	[237]	917	4273	–	1.36
94	Pu	Plutonium	–	7	[244]	912.5	3501	–	1.28
95	Am	Americium	–	7	[243]	1449	2880	–	1.13
96	Cm	Curium		–	7	[247]	1613	3383	–	1.28
97	Bk	Berkelium	–	7	[247]	1259	2900	–	1.3
98	Cf	Californium	–	7	[251]	1173	-1743	–	1.3
99	Es	Einsteinium	–	7	[252]	1133	-1269	–	1.3
100	Fm	Fermium		–	7	[257]	-1125	–	–	1.3
101	Md	Mendelevium	–	7	[258]	-1100	–	–	1.3
102	No	Nobelium	–	7	[259]	-1100	–	–	1.3
103	Lr	Lawrencium	–	7	[266]	-1900	–	–	1.3
104	Rf	Rutherfordium	4	7	[267]	-2400	-5800	–	–
105	Db	Dubnium		5	7	[268]	–	–	–	–
106	Sg	Seaborgium	6	7	[269]	–	–	–	–
107	Bh	Bohrium		7	7	[270]	–	–	–	–
108	Hs	Hassium		8	7	[270]	–	–	–	–
109	Mt	Meitnerium	9	7	[278]	–	–	–	–
110	Ds	Darmstadtium	10	7	[281]	–	–	–	–
111	Rg	Roentgenium	11	7	[282]	–	–	–	–
112	Cn	Copernicium	12	7	[285]	-283	-340	–	–
113	Nh	Nihonium	13	7	[286]	-700	-1400	–	–
114	Fl	Flerovium	14	7	[289]	–	~210	–	–
115	Mc	Moscovium	15	7	[290]	-700	-1400	–	–
116	Lv	Livermorium	16	7	[293]	-700	-1100	–	–
117	Ts	Tennessine	17	7	[294]	-700	-883	–	–
118	Og	Oganesson	18	7	[294]	-320	(~350)	–	–
